2,82
2,81
2,80
1,7
1,6
1,5
1,4
0,553
0,552
0,542
0,529
0,527
0,519
0,506
0,497
0,491
0,489
0,485
0,482
0,481
0,480
0,479
0,477
0,474
0,473
0,470
0,466
0,465
0,464
0,9
0,1
0,493
0,487
0,483
0,475
0,472
0,467
0,463
0,460
0,455
0,452
0,449
0,446
0,399
0,376
0,468
0,469
0,471
0,457
0,444
0,512
0,300
0,443
0,299
0,442
0,298
0,441
0,297
0,440
0,492
0,296
0,439
0,295
0,438
0,500
0,294
0,437
0,548
0,293
0,436
0,292
0,435
0,291
0,434
0,290
0,433
0,289
0,432
0,551
0,288
0,431
0,287
0,430
0,543
0,286
0,429
0,547
0,285
0,428
0,518
0,284
0,427
0,283
0,426
0,499
0,282
0,424
0,281
0,423
0,523
0,280
0,422
0,279
0,421
0,525
0,278
0,420
0,377
0,277
0,478
0,276
0,417
0,511
0,275
0,416
0,540
0,274
0,415
0,273
0,414
0,272
0,413
0,271
0,412
0,270
0,411
0,269
0,410
0,268
0,409
0,267
0,408
0,266
0,407
0,265
0,406
0,503
0,264
0,405
0,263
0,404
0,490
0,262
0,403
0,532
0,261
0,402
0,260
0,401
0,259
0,400
0,258
0,398
0,257
0,397
0,515
0,256
0,394
0,255
0,393
0,488
0,254
0,392
0,253
0,476
0,252
0,390
0,251
0,389
0,250
0,388
0,531
0,249
2,83
2,84
2,86
2,87
2,89
2,90
2,92
2,94
2,95
2,97
2,98
2,100
2,102
2,103
2,105
2,106
2,108
2,109
2,111
2,113
2,114
2,116
2,117
2,119
2,121
2,122
2,124
2,125
2,127
2,128
2,130
0,391
2,132
2,134
2,135
2,137
2,139
2,140
2,142
2,143
253,4
253,5
253,7
254,0
254,1
254,2
254,3
254,5
254,7
254,8
254,10
255,0
1,3
255,3
255,4
255,6
256,0
2,3
256,2
256,4
257,0
257,1
257,3
257,4
257,6
258,0
258,1
258,3
258,4
258,6
258,7
258,9
259,0
259,1
259,3
259,4
260,0
260,2
260,3
260,5
260,6
261,1
261,2
261,4
261,6
262,0
262,2
262,3
262,5
263,0
263,1
263,3
263,4
263,6
264,1
264,2
264,4
264,5
265,0
265,1
265,3
265,5
265,6
265,8
265,9
265,11
265,13
265,14
265,16
265,17
266,1
266,2
266,4
266,6
266,7
267,1
267,2
267,4
267,6
268,0
268,2
268,3
268,5
268,6
269,0
269,2
269,3
269,5
269,6
269,8
269,10
269,11
269,13
269,14
269,16
269,17
269,19
269,21
269,22
269,24
269,25
270,1
270,3
270,4
270,6
271,0
271,2
271,4
271,5
271,7
272,0
272,2
272,3
272,5
273,0
273,1
273,3
273,4
273,6
273,8
273,9
273,11
273,12
273,14
273,15
273,17
273,19
273,20
273,22
273,23
273,25
274,0
274,1
274,3
274,4
274,6
275,0
275,2
275,4
275,5
275,7
276,0
276,2
276,4
276,5
277,0
277,1
277,3
277,5
277,6
278,0
278,1
278,3
278,4
278,6
278,8
278,9
278,11
278,12
278,14
278,16
278,17
278,19
278,20
278,22
278,23
278,25
278,27
278,28
279,1
279,2
279,4
279,6
280,0
280,2
280,3
280,5
280,6
280,8
281,0
281,1
281,3
281,4
281,6
281,8
281,9
281,11
281,12
281,14
281,15
281,17
281,19
281,20
282,1
282,2
282,4
283,0
283,1
283,3
283,4
284,0
284,2
284,3
284,5
285,0
285,2
285,3
285,5
285,7
285,8
285,10
285,11
285,13
285,15
285,16
285,18
286,0
286,2
286,3
286,5
286,7
286,8
286,10
287,0
287,2
287,4
287,5
287,7
287,8
287,10
287,11
288,1
288,3
288,4
288,6
288,7
289,1
289,3
289,4
289,6
289,7
290,1
290,3
290,4
290,6
290,7
291,0
291,1
291,3
291,5
291,6
291,8
291,9
292,0
292,2
292,3
292,5
292,6
292,8
292,9
292,11
292,13
292,14
292,16
292,17
292,19
292,21
292,22
292,24
292,25
293,1
293,2
293,4
293,6
293,7
294,1
294,2
294,4
294,6
294,7
294,9
294,10
294,12
294,14
294,15
294,17
294,18
294,20
294,21
295,0
295,2
295,3
295,5
296,0
296,2
296,4
296,5
296,7
296,8
296,10
296,11
296,13
296,15
296,16
296,18
296,19
297,1
297,3
297,4
298,0
298,1
298,3
298,4
299,0
299,2
299,3
299,5
299,6
300,1
300,3
300,4
301,0
301,1
301,3
301,4
301,6
302,1
302,2
302,4
302,5
302,7
302,9
302,10
302,12
303,0
303,2
303,4
303,5
304,0
304,1
304,3
304,4
304,6
304,8
304,9
304,11
304,12
305,0
305,2
305,3
305,5
305,6
306,0
306,1
306,3
306,5
307,0
307,2
307,3
307,5
307,7
307,8
307,10
307,11
307,13
308,0
308,2
308,4
308,5
308,7
308,8
309,1
309,3
309,4
309,6
309,7
310,1
310,3
310,4
310,6
310,7
310,9
311,0
311,2
311,4
311,5
312,1
312,2
312,4
313,0
313,1
313,3
313,4
314,0
314,1
314,3
314,5
314,6
315,1
315,2
315,4
315,6
315,7
315,9
315,10
316,0
316,1
316,3
317,0
317,1
317,3
317,4
318,0
318,2
318,3
318,5
318,6
318,8
319,0
319,2
319,4
319,5
320,1
320,2
320,4
321,1
321,2
321,4
321,5
322,1
322,3
322,4
322,6
322,7
323,0
323,1
323,3
323,5
324,0
324,2
324,3
324,5
324,7
324,8
325,0
325,1
325,3
325,4
325,6
325,8
325,9
326,0
326,1
326,3
326,5
326,6
326,8
326,9
327,0
327,1
327,3
327,5
328,0
328,2
328,3
328,5
328,7
328,8
328,10
328,11
328,13
328,15
328,16
328,18
328,19
328,21
328,22
328,24
328,26
328,27
329,1
329,2
329,4
329,6
329,7
329,9
330,0
330,2
330,3
330,5
330,7
330,8
330,10
330,11
330,13
330,15
330,16
330,18
330,19
331,0
331,1
331,3
331,5
331,6
331,8
331,9
331,11
332,0
332,1
332,3
332,4
332,6
332,7
332,9
333,1
333,2
333,4
333,5
333,7
334,0
334,1
334,3
334,4
334,6
334,8
334,9
334,11
334,12
335,1
335,2
335,4
335,6
336,0
336,2
336,3
336,5
336,7
336,8
336,10
336,11
336,13
336,14
336,16
336,18
336,19
336,21
336,22
336,24
336,26
336,27
337,0
337,1
337,3
337,4
337,6
337,8
337,9
337,11
338,0
338,2
338,4
338,5
339,1
339,2
339,4
339,6
340,0
340,2
340,3
340,5
340,6
340,8
340,10
340,11
341,0
341,1
341,3
341,5
341,6
341,8
341,9
341,11
341,12
342,1
342,3
342,4
342,6
342,7
342,9
343,1
343,2
343,4
343,5
343,7
343,8
343,10
344,1
344,2
344,4
344,5
344,7
344,9
344,10
345,1
345,2
345,4
345,6
345,7
345,9
345,10
345,12
345,13
345,15
345,17
345,18
345,20
345,21
345,23
345,25
345,26
345,28
345,29
345,31
345,32
346,0
346,2
346,3
346,5
347,0
347,2
347,4
347,5
348,1
348,2
348,4
349,0
349,2
349,4
349,5
349,7
349,8
349,10
349,12
349,13
349,15
349,16
349,18
349,19
350,0
350,2
350,3
351,0
351,1
351,3
352,0
352,1
352,3
352,4
353,1
353,3
353,4
354,1
354,2
354,4
355,0
355,2
355,4
356,0
356,2
356,3
357,0
0,347
357,2
357,4
358,0
358,2
358,3
9,3
359,1
359,2
359,4
359,5
360,0
0,370
360,2
360,4
360,5
361,0
361,1
361,2
361,4
361,5
362,0
362,1
362,3
362,5
362,6
362,8
362,9
53,3
363,1
363,2
363,4
363,5
364,0
364,1
19,3
364,3
364,4
364,6
365,0
365,2
365,4
365,5
365,7
12,3
366,1
366,2
366,4
366,6
366,7
366,9
366,10
366,12
366,14
366,15
366,17
366,18
366,20
366,21
366,23
367,0
367,1
367,3
367,4
367,6
368,1
2,35
368,3
368,4
368,6
369,0
369,2
369,4
369,5
370,0
370,1
370,3
370,5
370,6
371,1
2,20
371,3
371,5
371,6
371,8
371,9
372,1
372,2
372,4
372,6
372,7
372,9
373,0
373,2
373,4
373,5
373,7
374,0
374,2
374,3
374,5
374,7
375,0
375,2
375,3
375,5
375,7
375,8
376,1
376,2
376,4
376,5
377,1
377,3
377,4
377,6
377,7
377,9
377,11
2,65
378,1
378,2
378,4
378,6
378,7
378,9
378,10
378,12
378,13
379,1
379,3
379,4
379,6
2,70
380,1
380,3
380,4
381,0
381,1
381,3
381,4
381,6
381,8
381,9
381,11
382,0
382,2
382,4
382,5
382,7
382,8
382,10
382,11
382,13
383,1
383,2
383,3
383,4
383,6
384,0
384,1
384,2
384,3
384,5
384,6
384,8
384,10
385,0
2,29
385,2
385,4
385,6
385,7
385,9
385,10
386,0
386,2
386,3
386,5
386,6
387,0
387,1
387,2
387,4
387,5
387,7
387,8
388,1
388,2
388,3
388,5
388,6
388,8
388,9
388,11
388,13
388,14
388,16
388,17
389,0
389,2
389,3
389,5
390,0
2,79
390,2
390,4
390,6
390,7
391,1
391,2
391,4
391,6
391,7
391,9
391,10
391,12
391,14
391,15
392,0
392,1
392,2
392,3
392,5
393,1
2,78
393,3
393,4
393,6
393,8
394,0
2,19
394,2
394,4
394,5
394,7
395,0
395,1
395,3
395,4
395,6
395,8
395,9
395,11
395,12
395,14
395,15
395,17
396,1
396,2
396,4
396,5
397,0
397,2
397,3
397,5
397,6
398,0
398,2
398,3
398,5
398,6
399,0
399,1
399,2
399,4
399,5
399,7
399,8
399,10
400,1
400,2
400,4
400,5
400,7
400,8
400,10
400,12
400,13
401,1
21,3
401,3
401,5
401,6
401,8
402,0
2,76
402,2
402,4
402,6
402,7
402,9
402,10
402,12
402,14
0,425
403,1
403,2
403,4
403,5
404,0
404,2
404,3
404,5
404,6
404,8
404,10
404,11
404,13
404,14
404,16
405,0
405,1
405,3
405,4
405,6
405,7
405,9
406,0
406,1
406,3
406,4
406,6
407,1
407,2
407,4
407,5
407,7
408,0
408,2
408,4
408,5
408,7
70,3
409,1
409,3
409,4
409,6
410,0
410,2
410,3
410,5
411,0
411,1
411,3
411,4
411,6
412,1
412,2
412,4
412,5
71,3
413,0
413,1
413,3
413,4
413,6
413,7
413,9
413,11
413,12
414,0
414,1
414,3
414,5
414,6
414,8
414,9
414,11
414,12
414,14
414,16
414,17
414,19
414,20
414,22
415,1
415,2
415,4
415,5
416,1
416,2
416,4
416,6
416,7
417,1
417,2
417,4
418,1
418,2
418,4
418,5
419,1
419,2
419,4
420,1
420,2
420,4
420,5
420,7
420,9
421,0
421,2
421,3
421,5
422,0
422,1
422,3
422,4
422,6
422,7
423,1
423,3
423,4
423,6
423,7
423,9
423,11
423,12
423,14
423,15
423,17
423,18
423,20
423,22
424,0
424,2
424,3
424,5
424,7
424,8
424,10
424,11
424,13
425,0
425,2
425,4
425,5
425,7
426,0
426,2
426,4
426,5
427,0
427,1
427,3
427,5
427,6
428,0
428,1
428,3
428,4
428,6
428,8
428,9
429,0
429,1
429,3
429,5
429,6
429,8
429,9
430,0
430,1
430,3
430,5
430,6
430,8
430,9
431,0
431,2
431,3
431,5
432,0
432,2
432,3
432,5
432,7
432,8
433,1
433,2
433,4
433,6
434,0
434,2
434,3
434,5
434,6
434,8
435,1
435,2
435,4
435,5
436,1
436,3
436,4
436,6
437,0
437,2
437,4
437,5
438,0
438,1
438,3
438,4
438,6
438,8
438,9
438,11
438,12
438,14
438,16
438,17
438,19
438,20
439,0
439,1
439,3
439,5
439,6
439,8
439,9
439,11
440,0
440,1
440,3
440,4
440,6
2,18
98,3
0,448
114,3
2,26
0,419
0,450
0,451
131,3
2,31
0,462
2,16
0,459
0,454
128,3
69,3
71,4
73,4
74,4
2,12
228,3
237,3
22,3
2,71
2,7
113,3
2,64
2,28
31,3
2,10
61,3
65,3
119,3
2,73
27,3
122,3
167,3
13,3
133,3
2,32
225,3
221,3
2,66
158,3
2,68
152,3
155,3
151,3
148,3
2,34
147,3
157,3
159,3
100,3
108,3
97,3
2,21
102,3
81,3
86,3
79,3
104,3
106,3
83,3
109,3
89,3
72,3
72,5
43,6
228,5
228,16
164,3
31,7
133,7
119,11
237,5
227,3
170,3
237,17
167,6
2,15
226,3
43,18
72,4
2,27
112,3
76,3
116,3
2,22
88,3
2,25
90,3
150,3
156,3
160,3
149,3
153,3
2,67
154,3
130,3
2,6
0,453
2,9
218,3
2,17
16,3
2,8
2,69
231,3
58,3
2,75
43,3
74,3
124,8
224,3
0,458
0,461
142,3
124,3
121,3
117,3
2,23
0,447
440,5
440,2
439,12
439,10
439,7
439,4
439,2
438,21
438,18
438,15
438,13
438,10
438,7
438,5
438,2
437,6
437,3
437,1
436,5
436,2
436,0
435,3
435,0
434,7
434,4
434,1
433,5
433,3
433,0
432,6
432,4
432,1
431,4
431,1
430,10
430,7
430,4
430,2
429,10
429,7
429,4
429,2
428,10
428,7
428,5
428,2
427,7
427,4
427,2
426,6
426,3
426,1
425,6
425,3
425,1
424,12
424,9
424,6
424,4
424,1
423,21
423,19
423,16
423,13
423,10
423,8
423,5
423,2
423,0
422,5
422,2
421,6
421,4
421,1
420,8
420,6
420,3
420,0
419,3
419,0
418,3
418,0
417,3
417,0
416,5
416,3
416,0
415,3
415,0
414,21
414,18
414,15
414,13
414,10
414,7
414,4
414,2
413,13
413,10
413,8
413,5
413,2
2,14
412,6
412,3
412,0
411,5
411,2
410,6
410,4
410,1
409,5
409,2
409,0
408,6
408,3
408,1
407,6
407,3
407,0
406,5
406,2
73,3
405,8
405,5
405,2
404,17
404,15
404,12
404,9
404,7
404,4
404,1
0,445
403,3
403,0
402,13
402,11
402,8
402,5
402,3
402,1
401,7
401,4
401,2
401,0
400,11
400,9
400,6
400,3
400,0
399,9
399,6
399,3
2,5
398,7
398,4
398,1
397,7
397,4
397,1
396,6
396,3
396,0
395,16
395,13
395,10
395,7
395,5
395,2
394,8
394,6
394,3
394,1
393,7
393,5
393,2
393,0
392,4
2,77
391,16
391,13
391,11
391,8
391,5
391,3
391,0
390,5
390,3
390,1
389,4
389,1
388,18
388,15
388,12
388,10
388,7
388,4
2,74
388,0
387,6
387,3
2,4
386,7
386,4
386,1
385,11
385,8
385,5
385,3
385,1
384,9
384,7
384,4
2,72
2,13
383,5
2,30
383,0
382,12
382,9
382,6
382,3
382,1
381,10
381,7
381,5
381,2
380,5
380,2
380,0
379,5
379,2
379,0
378,11
378,8
378,5
378,3
378,0
377,10
377,8
377,5
377,2
377,0
376,3
376,0
375,6
375,4
375,1
374,6
374,4
374,1
373,6
373,3
373,1
372,8
372,5
372,3
372,0
371,7
371,4
371,2
371,0
370,4
370,2
369,6
369,3
369,1
368,5
368,2
368,0
367,5
367,2
366,24
366,22
366,19
366,16
366,13
366,11
366,8
366,5
366,3
366,0
365,6
365,3
365,1
364,5
364,2
2,11
363,6
363,3
363,0
362,10
362,7
362,4
362,2
361,6
361,3
0,396
360,6
360,3
360,1
359,6
359,3
359,0
358,4
358,1
357,3
357,1
356,4
356,1
355,3
355,1
354,3
354,0
353,2
353,0
352,2
351,4
351,2
350,4
350,1
349,20
349,17
349,14
349,11
349,9
349,6
349,3
349,1
348,3
348,0
347,3
347,1
346,4
346,1
345,33
345,30
345,27
345,24
345,22
345,19
345,16
345,14
345,11
345,8
345,5
345,3
345,0
344,8
344,6
344,3
344,0
343,9
343,6
343,3
343,0
342,8
342,5
342,2
342,0
341,10
341,7
341,4
341,2
340,12
340,9
340,7
340,4
340,1
339,5
339,3
339,0
338,3
338,1
337,10
337,7
337,5
337,2
336,28
336,25
336,23
336,20
336,17
336,15
336,12
336,9
336,6
336,4
336,1
335,5
335,3
335,0
334,10
334,7
334,5
334,2
333,8
333,6
333,3
333,0
332,8
332,5
332,2
331,12
331,10
331,7
331,4
331,2
330,20
330,17
330,14
330,12
330,9
330,6
330,4
330,1
329,8
329,5
329,3
329,0
328,25
328,23
328,20
328,17
328,14
328,12
328,9
328,6
328,4
328,1
327,4
327,2
326,10
326,7
326,4
326,2
325,10
325,7
325,5
325,2
324,9
324,6
324,4
324,1
323,4
323,2
322,8
322,5
322,2
322,0
321,3
321,0
320,3
320,0
319,3
319,1
318,7
318,4
318,1
317,5
317,2
316,4
316,2
315,11
315,8
315,5
315,3
315,0
314,4
314,2
313,5
313,2
312,5
312,3
312,0
311,3
311,1
310,8
310,5
310,2
310,0
309,5
309,2
309,0
308,6
308,3
308,1
307,12
307,9
307,6
307,4
307,1
